# G4Cosmic CORSIKA text .dat shower list
# event_id corsika_id x_m y_m z_m px_GeV py_GeV pz_GeV time_ns
# primary=proton energyMode=powerLaw spectralIndex=2.7
0 14 0.59749757 0.088941934 1.9 -338.95309 143.58232 -302.68194 18.653192
0 14 0.29833454 0.32811359 1.9 -1.4096966 1.8196969 -2.8376183 47.903239
1 14 0.037262518 0.19642268 1.9 -161.72938 249.40573 -220.04922 1.1760609
1 3 -0.33473342 -0.010729264 1.9 0.091480923 0.0038380095 -0.091725408 33.195001
1 2 -0.075777492 0.066652683 1.9 19.656102 -17.211782 -26.138551 28.904301
1 13 0.090205471 -0.045291906 1.9 -0.25609573 0.46658066 -1.7464999 2.0125505
1 1 -0.04886352 0.26863774 1.9 19.847087 46.526815 -62.545545 29.430431
1 6 0.18160559 0.30990916 1.9 55.757585 -63.605385 -72.476342 0.46782723
1 2 -0.18638245 0.12882401 1.9 1.2053305 0.48503789 -0.76305743 22.255688
2 14 0.52483822 0.20437956 1.9 17.820292 -251.4889 -389.29815 24.038813
2 1 0.24710041 0.3598926 1.9 0.023869723 -0.012618371 -0.14468897 27.490489
2 3 0.4439287 0.16520337 1.9 19.570552 33.069093 -24.655169 48.364099
2 2 0.54927312 0.41962065 1.9 -0.17407522 -0.49046581 -0.33856009 7.3270783
2 13 0.58632926 0.5347939 1.9 2.0709 1.4240554 -5.1660729 25.258359
2 5 0.50620901 0.17986669 1.9 0.154244 -0.086145867 -0.12942511 9.2160542
2 3 0.43055881 0.40425981 1.9 -0.87993285 -0.10143596 -1.3711007 12.447029
2 5 0.43875196 0.38418368 1.9 -0.15069369 -3.7249502 -5.3783738 31.407191
3 14 -0.49825758 0.58194908 1.9 -126.24282 -339.77465 -436.22118 33.549856
3 14 -0.43030983 0.42839007 1.9 -0.10815101 -0.024818905 -0.2285937 5.3783196
3 14 -0.60052025 0.64322088 1.9 -0.0054914968 -0.23228911 -0.14058374 34.295071
3 5 -0.53769992 0.38985367 1.9 1.0585566 0.34662683 -1.2487206 22.27791
3 2 -0.23991219 0.36547278 1.9 1.1887595 -0.52437672 -1.8128398 1.5302495
3 6 -0.32446041 0.34060612 1.9 24.308491 91.224932 -77.872016 15.007432
3 3 -0.32507244 0.53070995 1.9 43.978536 11.424781 -89.702742 9.4861244
4 14 -0.20623097 -0.1191484 1.9 78.733655 15.803169 -358.76987 49.857992
4 5 -0.1657152 -0.18317247 1.9 0.26419452 0.93693904 -0.68284166 28.492441
4 3 -0.2344821 -0.24229841 1.9 0.10254019 0.06873506 -0.32748063 10.36639
4 6 -0.38658524 -0.10280125 1.9 4.1165029 5.7874902 -13.781491 26.580972
4 6 -0.097980374 -0.29810729 1.9 -16.579762 17.27081 -24.824993 1.367627
4 5 -0.14331431 -0.40156929 1.9 -1.3043552 0.24678127 -0.78399212 2.286951
4 3 -0.27614325 -0.060748231 1.9 -1.0710015 -0.50610591 -1.6436267 24.308678
4 1 -0.068850636 0.11559766 1.9 0.034533152 0.16158615 -0.14301049 4.822783
5 14 -0.21790155 0.71433103 1.9 -361.5627 -100.80988 -359.4097 49.962908
5 13 0.19382951 0.33540348 1.9 157.5998 -73.128568 -214.34244 31.992999
6 14 -0.087658773 0.26338471 1.9 109.51407 51.322579 -367.38059 40.391991
6 1 -0.015709007 0.73030037 1.9 -0.44905746 0.47746276 -0.50809924 34.451643
6 13 -0.052564615 0.47500529 1.9 -0.93727296 -0.026121382 -2.1786924 25.906596
6 6 0.06799307 0.23404548 1.9 -32.481461 -74.943773 -80.028416 21.075457
6 1 -0.20158306 0.3649927 1.9 0.22046271 1.0804395 -0.74982483 30.842958
6 5 0.13697306 0.13382715 1.9 0.6551351 0.023057686 -0.47654649 36.608576
6 3 0.24479384 0.19230186 1.9 0.021068113 0.067158055 -0.1121037 31.28021
7 14 -0.051418902 0.51389297 1.9 28.372533 95.479225 -341.57536 45.914069
7 1 -0.40350885 0.42064264 1.9 -0.024587412 0.045816613 -0.10288613 6.4202006
7 6 -0.19588365 0.52108702 1.9 7.1268583 -3.828393 -8.2587834 29.052242
7 14 -0.19755837 0.25254634 1.9 8.5368693 -0.52003784 -10.851874 25.103678
7 6 -0.44860203 0.56493389 1.9 -0.07055991 -0.095753914 -0.13136049 44.966766
8 14 0.26587951 0.52574354 1.9 -198.71616 159.47423 -254.25808 4.6349198
8 5 0.39455515 0.50590104 1.9 1.8918492 0.086777881 -19.130855 22.942413
9 14 -0.28086487 0.13779708 1.9 -322.52834 -331.835 -402.19911 15.809369
9 1 -0.51671684 -0.063838179 1.9 -1.0522865 -1.9517758 -1.3264657 24.891003
9 6 -0.56918642 0.37802617 1.9 29.998335 -21.762911 -46.790805 39.82228
9 2 -0.46783181 0.057693039 1.9 -4.7700029 3.0501223 -5.3058804 23.589848
10 14 -0.26593503 0.21852431 1.9 371.30062 260.89934 -398.47696 9.2856845
10 1 0.35097747 0.35939576 1.9 -35.041816 30.124087 -31.354606 18.525444
10 2 0.12591059 0.39377714 1.9 -9.0327425 -12.840185 -20.492735 30.779868
10 6 -0.058535968 0.51395025 1.9 176.80981 168.26824 -144.99007 21.908717
11 14 -0.30706157 -0.34307194 1.9 -509.78495 -90.041706 -353.87939 35.060367
11 2 -0.25216733 -0.41541767 1.9 24.864916 -15.197101 -113.11488 39.643284
11 2 -0.025283618 -0.31719537 1.9 21.260662 27.0399 -20.385302 21.218719
12 14 0.37194223 0.18909729 1.9 -5.566747 -398.87523 -264.33658 37.076635
12 1 0.59276249 0.14295232 1.9 0.16754132 -0.043014947 -0.16060886 14.726897
12 6 0.62619828 0.24576814 1.9 -1.087813 -0.37011778 -1.2501911 27.87656
13 14 -0.076773034 0.71785658 1.9 -30.364696 -308.57524 -219.18995 12.642928
13 13 -0.11998832 0.28763925 1.9 -0.44881038 0.32138168 -0.51797775 10.11807
14 14 0.19978574 -0.48675756 1.9 -176.99913 -107.16205 -309.2572 39.83882
14 5 0.17077246 -0.44186395 1.9 -0.15997452 0.10993733 -0.27626243 14.280425
15 14 0.2639199 0.17054497 1.9 136.57215 -387.89339 -341.83241 33.560595
15 13 0.60591796 0.23099289 1.9 0.3171112 1.3582844 -2.7675073 19.525437
15 1 0.55699361 0.14969373 1.9 -0.7889425 0.25138871 -1.1307632 24.269354
16 14 -0.29148763 -0.45817561 1.9 1.8310868 -295.82801 -227.37979 45.163489
16 14 -0.21208163 -0.689953 1.9 3.2634248 6.4411534 -5.2588519 0.23293452
16 1 -0.12149864 -0.67799829 1.9 0.17357612 0.16721873 -0.15038076 26.655889
16 14 -0.53335501 -0.52173508 1.9 32.175157 21.321043 -34.763241 0.65253774
16 5 -0.38943574 -0.5249367 1.9 0.091510092 0.13647468 -0.15742224 16.398586
17 14 -0.50783716 0.47552625 1.9 -171.17624 77.198043 -466.64268 41.868742
17 13 -0.44683756 0.41143478 1.9 125.23602 -32.450827 -117.37325 23.899333
17 14 -0.34003911 0.47742259 1.9 82.61351 13.786351 -98.867183 49.426709
17 13 -0.63034952 0.31840009 1.9 -0.14989934 1.3081762 -1.0404028 1.2291734
17 1 -0.42007632 0.46715492 1.9 -0.1461376 -0.22136873 -0.45458504 9.3959133
17 5 -0.50032959 0.52560361 1.9 -2.2729599 1.4811813 -2.238097 9.2387053
17 13 -0.36062619 0.384587 1.9 -8.1434054 21.531366 -23.988435 2.4421455
18 14 0.027827373 0.35590884 1.9 515.64748 138.83393 -366.36868 8.270486
18 2 0.34008154 0.32380357 1.9 0.44318769 -0.54879917 -5.1425729 16.336835
18 3 0.074540339 0.33986851 1.9 2.8124048 1.5403204 -2.8289606 39.146699
18 5 0.20156674 0.18868042 1.9 -5.1519455 -1.4558784 -4.8219183 40.267355
18 5 0.44847901 0.31656932 1.9 -1.348056 -0.27116149 -2.1761738 34.618905
18 3 0.032499996 0.41550529 1.9 -0.13867834 0.04418842 -0.2919356 35.600234
18 2 0.14329664 0.2710433 1.9 -1.4817168 3.1674495 -3.2131075 40.928046
18 6 0.32519897 0.39538057 1.9 -0.19349326 0.079793403 -0.32575552 38.002602
19 14 -0.5137466 -0.34504543 1.9 647.11491 -1617.2359 -1005.9481 14.54058
19 5 -0.36934942 -0.634753 1.9 -158.97937 351.53125 -1018.9285 17.065689
19 14 -0.25000034 -0.39705769 1.9 0.15606694 1.4704668 -3.3844598 44.501349
19 14 -0.16333022 -0.75192658 1.9 1.5023677 -0.55243521 -2.9364397 35.383728
19 5 -0.52571518 -0.50808163 1.9 0.17313824 1.2020195 -1.1149858 1.4798805
19 2 -0.13910109 -0.39023373 1.9 -1.0915789 0.47557232 -1.057948 48.77567
19 3 -0.41171334 -0.56007645 1.9 56.80491 166.42522 -113.70779 10.362128
20 14 0.5038884 -0.5367076 1.9 -160.71681 251.01429 -246.59883 39.032243
20 6 0.23417446 -0.5044098 1.9 -11.135294 62.33808 -38.015605 16.629765
20 1 0.24677611 -0.66654014 1.9 49.940297 8.2672858 -75.068853 18.286186
21 14 -0.52386271 0.34590326 1.9 -135.58364 497.12645 -479.1557 23.143707
21 1 -0.43204034 0.13947691 1.9 18.402803 12.039253 -27.53051 16.03961
21 6 -0.39301081 0.23750423 1.9 3.4250787 2.7609081 -2.5939821 43.257178
22 14 -0.20733955 -0.29289996 1.9 49.252674 133.23423 -590.37491 45.224237
22 5 -0.56153967 -0.025250978 1.9 0.67065365 0.73081073 -1.8807918 45.95304
22 5 -0.51482696 -0.42801252 1.9 97.643822 -9.4565821 -168.88857 36.500927
22 14 -0.43549195 -0.032579374 1.9 0.82980885 -1.0582743 -1.0722556 9.1860769
23 14 -0.59192552 -0.16968588 1.9 -19.624645 433.72917 -377.88477 5.4385665
23 3 -0.58511526 -0.38114415 1.9 0.61674878 -1.7382052 -1.0753117 32.497655
23 3 -0.53703195 -0.074649251 1.9 0.092274619 -0.090836775 -0.43793966 4.5879116
23 14 -0.44450881 -0.22232404 1.9 -1.003368 -4.2906563 -14.23891 28.277783
23 14 -0.72281917 -0.45718042 1.9 2.294135 -1.0422204 -3.1287789 44.819785
23 2 -0.47560822 -0.20573156 1.9 -0.2199723 -0.69603146 -1.6305211 30.311675
24 14 -0.057852293 0.31480532 1.9 98.588347 -124.71888 -368.33637 35.930272
24 13 0.2507239 0.20527754 1.9 38.249126 0.40711274 -25.199868 13.841723
24 13 0.083255511 0.53411842 1.9 -49.193669 26.262027 -32.468326 36.065041
24 14 -0.24921594 0.15714329 1.9 0.19281237 -2.9329925 -3.4687498 44.52753
24 14 0.23742298 0.27218387 1.9 -0.60047517 -0.32213068 -0.70242674 17.263569
24 1 -0.12251212 0.1250332 1.9 -43.049209 71.059674 -113.10489 48.684803
24 14 0.05696803 0.17115915 1.9 0.086061451 -0.3120023 -0.39518552 45.729137
25 14 -0.30161184 0.458883 1.9 -10.268602 -49.817042 -837.82867 30.316497
25 13 -0.42962513 -0.053201613 1.9 -35.11205 -4.8040851 -61.908462 42.21693
25 5 -0.47467603 0.082070721 1.9 -0.075636714 0.064828013 -0.24071385 44.445514
25 1 -0.52917586 0.40835118 1.9 0.15043105 0.088013016 -0.31172743 37.824379
26 14 0.36037961 -0.23360419 1.9 20.863552 262.49081 -231.12095 38.755162
26 3 0.19066505 -0.33608615 1.9 28.604954 -60.339016 -72.452854 10.354413
26 1 0.42198027 -0.60918165 1.9 -0.27470162 0.063182972 -0.36676679 20.26339
26 3 0.29874905 -0.1210666 1.9 -10.903686 6.1979245 -42.730018 49.048595
26 1 0.26843947 -0.29742406 1.9 -0.046212703 -0.0040846451 -0.097925963 32.528864
26 6 0.22068749 -0.61243988 1.9 -1.9426039 27.070564 -39.036046 4.3572312
26 3 0.15512076 -0.26351971 1.9 -0.34209367 0.29821118 -0.53923462 7.9596845
27 14 -0.36184484 0.48126442 1.9 -1283.5744 804.30008 -1121.4451 7.1300704
27 3 -0.51177576 0.49945065 1.9 -39.846662 -152.42224 -145.96044 25.895733
27 1 -0.44271842 0.042371394 1.9 11.640637 -15.965788 -12.757677 30.153323
28 14 0.25723017 -0.16943753 1.9 445.22003 -67.453281 -467.36622 37.845404
28 3 0.57824993 -0.3926398 1.9 0.096015833 0.099864788 -0.29546458 43.44282
28 1 0.14560557 -0.25573673 1.9 -14.38311 -10.247744 -48.31364 16.151382
28 1 0.52482097 -0.11215163 1.9 -132.18353 51.685819 -135.73613 43.112236
28 5 0.2047783 -0.23045352 1.9 -21.43116 -41.716323 -105.82277 27.298771
28 3 0.2442977 -0.21039869 1.9 -1.5424555 -1.480168 -3.4186981 47.374758
28 1 0.32428296 -0.50796041 1.9 0.61540603 -0.024723638 -0.43786322 49.06937
29 14 -0.059804982 0.00973466 1.9 372.44746 -48.250034 -766.71112 19.290129
29 13 0.22176968 0.11037843 1.9 19.683064 8.9243749 -32.295975 48.459806
29 14 -0.01955174 -0.040371946 1.9 6.9416083 -35.73656 -75.87381 49.231969
29 5 0.2468819 0.07390456 1.9 41.805616 51.698125 -402.09362 27.956824
30 14 0.35501582 -0.37717812 1.9 644.59072 -365.37088 -966.60015 46.297083
30 3 0.57677441 -0.0010846855 1.9 -3.6134574 0.69652787 -3.1664527 16.574588
30 14 0.52887644 -0.19069615 1.9 14.168474 4.5689666 -18.304449 49.250724
30 1 0.73073561 -0.036397192 1.9 -9.7724992 -247.59364 -489.43708 46.974331
31 14 0.022453195 0.63706431 1.9 872.6782 -511.3888 -618.11759 39.152643
31 14 -0.095871908 0.73769963 1.9 61.221762 19.19289 -65.253639 2.499855
32 14 0.33141722 0.2017861 1.9 155.4948 -90.117298 -316.82076 2.3854398
32 6 0.453375 0.23918289 1.9 -3.7352323 -5.6943701 -6.7223273 13.098528
32 1 0.61259181 0.12033499 1.9 0.38839721 0.37439293 -1.0918487 25.679577
32 14 0.40894273 -0.12352831 1.9 2.748678 -7.2639891 -34.456547 37.787787
32 1 0.32258274 0.0069767613 1.9 -62.632984 1.6869335 -82.114484 0.84581429
32 3 0.47896779 -0.042791294 1.9 -33.416828 -15.629021 -74.865404 39.24805
33 14 0.48935596 -0.25535933 1.9 248.64833 183.90354 -548.88306 43.152983
33 14 0.32762582 -0.26673306 1.9 54.989827 31.637155 -95.051159 36.309195
33 14 0.32692496 -0.37737653 1.9 -0.21468553 0.31059385 -0.34795635 47.597344
33 5 0.40291266 -0.1997074 1.9 159.59766 -191.86313 -178.32875 17.546777
33 2 0.38956399 -0.35606694 1.9 -11.006062 -27.18597 -46.956004 24.554784
34 14 0.12288455 0.43657009 1.9 -159.07782 -197.60272 -260.22132 20.57242
34 3 -0.14093447 0.34308691 1.9 0.038710808 -0.01096202 -0.13516314 29.456268
34 13 -0.14169604 0.33788627 1.9 -0.079935231 0.14073066 -0.19027346 3.7516344
34 1 0.075127348 0.52460996 1.9 0.55062583 -0.12565701 -0.8759082 11.948449
34 5 0.11390997 0.36967731 1.9 -0.030244201 -0.082691691 -0.062615864 39.483969
34 1 0.20422422 0.39311564 1.9 8.3674681 26.976405 -19.836927 11.572793
35 14 0.57844936 0.18038713 1.9 362.91342 449.62772 -552.71634 10.91213
35 1 0.4969309 0.1094961 1.9 31.081318 81.173879 -80.417791 10.842794
35 14 0.20495557 0.17299628 1.9 29.647273 6.9264528 -34.217417 35.9494
36 14 -0.1943059 0.28755261 1.9 -226.44733 395.63799 -302.06952 41.510656
36 14 -0.13499092 0.75667362 1.9 0.31367487 -15.581675 -13.041707 6.8129925
36 14 -0.29047943 0.4083118 1.9 -0.14775571 0.069334737 -0.54628856 25.243149
37 14 0.50931208 -0.2270749 1.9 331.15821 92.348113 -200.34553 3.0685768
37 14 0.61620607 -0.19579426 1.9 -0.99977769 0.88978884 -1.1689699 6.9680296
37 1 0.61548237 0.16942565 1.9 5.0445847 -10.911386 -22.102019 44.442873
37 13 0.40541834 0.065099749 1.9 -0.27083826 0.29519292 -0.23247334 41.968986
37 2 0.40155843 0.078793897 1.9 -9.7623806 -7.5627791 -22.130521 22.728834
37 6 0.2773102 -0.09494839 1.9 -30.60982 -144.55124 -125.45078 7.4105585
38 14 -0.28409235 -0.24049945 1.9 -229.71838 450.26926 -325.54525 2.9519443
38 2 -0.42552115 -0.33802859 1.9 11.838964 -11.58388 -26.983026 18.278715
38 6 -0.28266817 -0.18781274 1.9 0.08080823 0.10466845 -0.24943367 13.997475
38 14 -0.17734208 -0.40039186 1.9 5.8300411 -51.977675 -43.75838 35.170386
38 3 -0.61553405 -0.24342115 1.9 -0.028105538 0.21094057 -0.28081907 45.135911
39 14 -0.36896098 0.11478446 1.9 -79.723348 1114.1522 -2089.8806 45.251011
39 5 -0.28516732 -0.37914972 1.9 -6.4985237 1.428729 -3.8975492 0.13366622
39 1 -0.36664092 -0.15787974 1.9 15.105315 950.5581 -740.89073 38.573261
39 6 -0.32389668 -0.47255711 1.9 -0.49625551 2.8878615 -3.3252944 25.768365
39 5 -0.28769131 -0.14357553 1.9 0.49074724 0.48546546 -0.97549699 4.3959853
39 13 -0.057799846 -0.22659746 1.9 514.82307 -622.82362 -556.53221 5.824018
39 14 -0.38539281 -0.24841872 1.9 -14.853942 1.7240459 -16.025207 25.87254
39 1 -0.080273725 -0.086123332 1.9 -9.8715144 -1.3246763 -8.6346191 46.152154
40 14 -0.14257073 0.57679344 1.9 155.50065 145.52189 -399.71754 34.814283
40 13 0.01670922 0.50203358 1.9 -25.90979 -13.919138 -32.859932 28.302788
40 14 -0.017129278 0.73833659 1.9 3.2742599 2.6744249 -9.2442853 45.154132
40 1 -0.073921098 0.4197053 1.9 -0.026513226 0.074455055 -0.10459451 31.193444
40 3 0.059164902 0.57296888 1.9 4.7069235 6.5894598 -18.878316 1.8326586
41 14 -0.2009465 0.27533472 1.9 -106.27571 35.785813 -643.61827 13.338762
41 1 -0.036897812 -0.24399037 1.9 6.1794212 -7.4821985 -10.874491 48.754579
41 2 0.11616711 0.016135797 1.9 0.055373179 0.11795805 -0.21569647 28.551559
41 1 -0.027152755 0.0063503761 1.9 -60.254115 -76.690522 -109.65507 17.779694
42 14 -0.45661238 -0.56867449 1.9 -232.40692 145.14197 -231.55174 16.576636
42 2 -0.14803986 -0.39563409 1.9 0.63231072 -2.8375691 -3.3456633 41.287256
42 6 -0.51487029 -0.17478589 1.9 -12.005197 -22.83167 -33.118586 48.953724
42 1 -0.32240108 -0.3087572 1.9 -78.57443 89.005658 -98.300261 14.833073
42 3 -0.46442382 -0.44790531 1.9 -4.3431577 -48.432698 -53.914199 44.490232
43 14 -0.48542676 -0.72892978 1.9 494.59669 -210.85484 -469.66878 49.827311
43 13 -0.52598691 -0.38543417 1.9 111.11714 -140.76396 -196.88706 19.94125
43 13 -0.52624445 -0.38506833 1.9 91.419816 167.36749 -197.78175 34.761125
43 3 -0.59043349 -0.67016812 1.9 3.3456667 -7.5628752 -5.4637141 44.336298
43 13 -0.63146535 -0.35800032 1.9 21.31913 -13.937849 -15.62432 32.340923
43 5 -0.52559507 -0.65185285 1.9 0.46317801 1.7941595 -3.5160135 15.423627
44 14 -0.36355477 0.3125132 1.9 -398.06221 -346.50716 -425.65856 14.227644
44 5 -0.14281683 0.24055309 1.9 0.097457367 0.074261877 -0.31445656 2.8740618
44 5 -0.52781793 0.10787885 1.9 0.24071996 -0.060491543 -0.33713857 29.459192
44 5 -0.41561424 0.47467502 1.9 -6.3398259 -9.4080679 -20.207088 33.129384
45 14 0.17357907 -0.25109452 1.9 402.20163 99.539483 -291.3012 42.283821
45 2 0.058761404 -0.34914054 1.9 40.972113 -14.055796 -51.72996 6.8697513
45 3 0.18722779 -0.18291798 1.9 -0.77490809 8.2730068 -6.9760726 36.353601
45 13 0.22783058 -0.51307815 1.9 -16.113822 -22.66012 -23.79805 49.165323
45 14 0.21165473 -0.45904934 1.9 0.14407845 -0.028505378 -0.29373747 44.423197
45 3 0.29661432 -0.29092942 1.9 -0.10176244 0.36016218 -0.91864728 27.592289
45 5 0.16749794 0.053616328 1.9 -13.644364 38.628268 -36.519443 28.20529
45 6 0.49227601 -0.061276571 1.9 -16.412017 29.404044 -39.110614 48.975583
46 14 0.77371594 -0.0040391883 1.9 -83.403022 174.48036 -305.12299 40.358086
46 13 0.75231528 0.021612669 1.9 0.15086568 -0.027506881 -0.28435103 33.390616
46 2 0.73197884 -0.26403176 1.9 0.072439419 -0.73780222 -0.72672157 38.279875
46 1 0.48487958 -0.25222233 1.9 -47.097434 52.116257 -79.314444 40.633108
46 3 0.63785399 -0.042321888 1.9 2.2347759 -2.0664539 -2.9884968 3.6399281
46 5 0.48003348 -0.22201561 1.9 -32.1049 17.946295 -33.329686 31.164213
46 5 0.7012538 -0.1737131 1.9 2.1499209 1.5447756 -1.5986841 42.465735
47 14 -0.25423231 -0.42036227 1.9 163.63022 385.43372 -707.46925 26.084299
47 14 -0.11202333 -0.20149943 1.9 0.8335654 -12.835612 -22.734558 31.132323
47 14 -0.54144608 -0.32092497 1.9 -14.044094 -110.47462 -93.844442 28.92528
47 13 -0.23857965 -0.10388611 1.9 6.0873526 6.5564478 -9.4315212 48.116811
48 14 0.5554401 -0.15629329 1.9 425.31584 -66.406131 -286.95338 49.370406
48 5 0.46341126 -0.27995089 1.9 13.590132 -7.2447255 -12.344876 49.376899
48 14 0.69257064 -0.31051963 1.9 -5.2185045 19.746302 -36.542434 35.233772
49 14 0.69459272 -0.15797048 1.9 -982.81451 717.62136 -923.74771 47.559814
49 14 0.48539194 -0.18044307 1.9 -203.17615 228.28958 -720.20237 47.554975
49 1 0.41140836 -0.29172964 1.9 -1.7239001 -1.2328972 -2.6185736 24.341896
49 14 0.73580782 -0.078935118 1.9 3.0862966 -0.28332337 -2.897974 11.705439
49 5 0.47375056 -0.22690593 1.9 262.53012 146.15912 -220.14479 2.4238101
49 5 0.51762417 0.028804724 1.9 0.84606534 0.33891843 -0.56811581 9.4429726
50 14 -0.10758903 0.12076001 1.9 -386.80207 51.412924 -712.74607 23.79652
50 6 -0.041467433 0.64952243 1.9 0.18419592 0.43372892 -1.5108862 19.779601
50 14 0.17806163 0.66273113 1.9 -0.38241556 -0.18408906 -0.75671827 47.241179
51 14 0.24080259 0.10158701 1.9 -257.01318 -7.1486563 -411.18606 19.796709
51 13 0.79573622 0.1501777 1.9 -0.033006229 -0.044635982 -0.13286811 6.9803763
51 3 0.43393901 -0.17235972 1.9 -13.247881 5.8859706 -30.705827 28.594864
51 2 0.56896672 -0.081416476 1.9 -0.23621191 0.20425451 -0.2090403 6.4759128
51 5 0.47179719 -0.071903701 1.9 -1.3902072 1.2406243 -2.8237034 23.507091
51 2 0.64931289 -0.1779023 1.9 0.24256144 -1.0528688 -9.4656618 18.71996
51 2 0.66573753 0.024473201 1.9 15.696201 4.3273024 -30.723041 2.9172496
52 14 -0.047648267 0.093019398 1.9 -161.07666 -336.74626 -600.2427 46.816403
52 5 0.19967141 0.084850402 1.9 -0.17885025 0.45361191 -0.31762103 5.1273535
52 6 -0.30233049 -0.10710215 1.9 3.6291502 1.5896051 -3.0246176 0.87359652
52 6 0.076738574 0.023236866 1.9 -0.70041583 -1.0258857 -2.0742881 4.5599892
52 6 -0.16028218 -0.071847226 1.9 -47.769629 17.696066 -161.3433 15.163159
52 5 -0.024883269 -0.15994268 1.9 91.436949 4.5824169 -103.81356 44.011416
52 14 0.34390162 -0.21537618 1.9 141.33599 -23.593134 -88.11553 45.032657
53 14 0.38419675 0.42366058 1.9 -661.63463 -226.16325 -947.37 47.681551
53 2 0.49025121 0.41823853 1.9 9.7947218 0.51146093 -16.65356 28.95559
54 14 -0.31147268 -0.58990248 1.9 -160.57589 -143.74315 -302.38116 27.60737
54 5 0.14294264 -0.54833228 1.9 69.515188 22.280225 -75.048494 16.229968
54 3 0.16469471 -0.31748368 1.9 -0.015939839 0.25507038 -0.38040842 42.180952
54 3 -0.037201896 -0.64616431 1.9 6.7209287 8.4847089 -6.7931141 39.429446
54 3 0.16348719 -0.57779136 1.9 3.4602818 -0.8314663 -8.0150789 17.844635
55 14 0.19434255 0.3368839 1.9 -258.412 -206.21053 -296.4278 35.076209
55 1 -0.36607531 0.072238531 1.9 0.31533426 -0.13786091 -0.29540472 48.622778
56 14 -0.28373058 -0.22274027 1.9 284.8838 -20.948909 -236.0109 18.387268
56 13 -0.11918292 0.16378246 1.9 0.095236558 -0.022823393 -0.57754068 47.832322
56 14 -0.1794176 0.18510482 1.9 -0.10846918 0.32726044 -1.4404676 11.365094
56 5 -0.17580615 -0.10921084 1.9 5.4829452 -1.672805 -4.260399 17.582976
56 5 -0.19920257 0.070546171 1.9 11.080969 -11.453034 -28.283667 44.596708
57 14 -0.02986834 0.55783454 1.9 -291.47191 166.05851 -638.86223 5.848185
57 3 -0.10103102 0.30195698 1.9 -4.5182473 -76.208235 -97.350815 19.455513
57 2 -0.11956559 0.49403781 1.9 0.25851229 -0.10470263 -0.34725928 38.565383
58 14 -0.45137679 -0.10842189 1.9 80.649582 39.763798 -417.88873 27.168594
58 5 -0.44042751 0.070918942 1.9 1.6959733 1.2404362 -2.0316553 12.650305
58 2 -0.468386 -0.011456633 1.9 -0.059458655 0.14952538 -0.19358904 23.516428
58 1 -0.87007758 0.091638713 1.9 -2.0019741 -0.4700318 -3.9192496 47.373619
58 5 -0.51360999 -0.1745051 1.9 -0.065144207 0.04318095 -0.12583639 43.617625
58 1 -0.53103473 -0.29072443 1.9 50.271089 -64.237171 -79.507984 48.571749
59 14 -0.31329457 -0.42114895 1.9 771.94211 307.46175 -1815.7958 38.324803
59 1 -0.27674579 -0.66717147 1.9 0.29134904 -0.31702695 -0.79345464 23.365889
60 14 -0.13212202 0.78997585 1.9 -272.98671 193.60275 -536.38849 30.475396
60 5 0.014974052 0.59616251 1.9 -1.3662036 4.0582613 -7.5116742 41.257354
60 13 0.22611454 0.35054058 1.9 -0.066360411 0.27708864 -0.25466033 15.014496
60 6 0.2453344 0.60333803 1.9 52.520642 -18.218249 -93.208264 4.1630759
60 2 0.20967845 0.18418652 1.9 -0.17493355 -0.14520325 -0.20380094 4.9889053
60 2 0.39205538 0.30696446 1.9 -27.138249 14.130888 -18.340225 32.493519
61 14 -0.27650619 -0.062037139 1.9 -549.21054 282.61676 -377.39077 8.729986
61 1 -0.14852168 0.021956315 1.9 -0.05623502 0.059968236 -0.34091578 28.467342
61 6 -0.16445608 0.063390128 1.9 8.812047 -162.6567 -112.4983 5.8200137
61 14 -0.55726302 -0.054797109 1.9 -21.04462 -6.2003023 -30.094644 12.66094
61 2 -0.50880814 0.10665764 1.9 10.581527 -16.302744 -23.331858 49.898419
62 14 -0.31775258 0.6447922 1.9 -478.10338 486.72871 -604.18971 5.2169662
62 6 -0.43721655 0.27989821 1.9 -0.1239879 -0.16260288 -0.19432104 44.054925
62 6 -0.58642964 0.5812651 1.9 -33.270679 -10.661174 -21.905577 28.019935
62 2 -0.50355811 0.49715577 1.9 -0.090091591 0.072194533 -0.50183361 14.48494
62 5 -0.32052613 0.42037409 1.9 -0.33410319 -1.8786751 -2.5350488 14.086447
63 14 0.16159631 0.35816095 1.9 228.07437 -998.36145 -992.84578 48.143168
63 14 0.55168005 0.34003009 1.9 -1.8336575 1.5309278 -3.900943 28.142595
63 2 0.22733259 0.59694556 1.9 0.23457857 0.18625827 -0.46228777 27.292113
63 6 0.22708443 0.55960446 1.9 -124.45688 -0.2292412 -201.492 38.426572
64 14 0.42412579 -0.54522417 1.9 -435.47105 -432.97648 -569.45981 4.1180656
64 1 0.41495761 -0.4892439 1.9 -5.5384901 19.230468 -41.100754 30.380986
64 3 0.52953731 -0.23369629 1.9 1.0315052 0.35548356 -1.5950531 37.648333
65 14 0.43530839 -0.23286224 1.9 -302.52413 -169.57468 -459.05066 8.1076788
65 13 0.31152978 -0.50197589 1.9 24.893772 1.4003174 -14.725395 26.520535
65 3 0.1796999 -0.051390175 1.9 -125.81825 -3.1648198 -78.465914 32.284313
65 13 0.39336201 -0.10166791 1.9 -2.5713531 2.2310314 -3.1208894 35.611557
65 1 0.18689131 -0.11252848 1.9 9.2564847 15.427963 -18.074153 23.905367
65 1 0.33946106 -0.23128353 1.9 9.3381785 29.13948 -20.192183 4.9547349
66 14 -0.25928968 -0.035870841 1.9 -796.68943 -30.396703 -616.88474 3.7673114
66 14 -0.0012047904 0.26342464 1.9 -304.02531 152.25867 -281.44141 48.046887
67 14 -0.42236465 -0.3730565 1.9 -151.51661 -638.73417 -1247.9391 13.16678
67 14 -0.073292373 -0.47982611 1.9 -10.860576 1.6677048 -8.2988434 2.5240376
67 14 -0.54106536 -0.26787613 1.9 0.086618723 -0.78159262 -1.1143348 7.6262093
67 14 -0.34221551 -0.45729919 1.9 -0.17324995 0.25515707 -1.0479019 30.32927
68 14 -0.32847802 0.17046374 1.9 81.1678 -366.38587 -230.44999 15.95629
68 6 -0.18354082 -0.16156742 1.9 -31.277524 -31.51985 -30.171372 33.894954
68 13 -0.38862727 0.13186585 1.9 1.9259764 2.4714103 -10.910755 34.507479
68 2 -0.22555033 0.62673197 1.9 21.885594 -0.60735883 -51.621008 40.032803
68 3 -0.29528916 0.32612293 1.9 0.19089325 0.40287331 -0.48727415 45.177534
68 14 -0.33041115 0.15395201 1.9 0.98875395 1.2773334 -4.4948491 22.499628
69 14 -0.15917096 -0.68494094 1.9 -94.867321 -453.01153 -1142.9858 41.209164
69 3 -0.12226492 -0.60525892 1.9 1.5914964 3.811615 -3.954332 5.4667955
70 14 0.18780681 -0.50610287 1.9 -93.882375 37.941689 -422.20327 26.98768
70 13 -0.11279644 -0.37134106 1.9 -0.87792439 -0.13633722 -0.65779412 24.89993
71 14 0.27458174 -0.12637093 1.9 22.5057 -281.04637 -257.57849 28.162477
71 5 0.61477048 -0.0016972093 1.9 -0.13120659 0.70317529 -0.54399443 34.841074
71 5 0.8294194 -0.37036942 1.9 -0.5839854 2.2773671 -1.8744014 33.848309
71 6 0.57221678 -0.32155393 1.9 4.9034692 2.5175957 -4.185434 36.888487
71 13 0.43017249 -0.49660743 1.9 16.680032 20.844002 -31.046902 24.128264
71 2 0.50306412 -0.27512481 1.9 -0.54734648 -0.31225457 -1.0630943 19.432834
72 14 -0.59953069 -0.68873397 1.9 349.29918 12.514109 -232.51287 48.799473
72 13 -0.45054711 -0.3091309 1.9 -0.22328365 0.042182961 -1.013216 16.755859
73 14 -0.36405564 0.58140776 1.9 764.12179 362.11776 -495.58249 32.396984
73 2 -0.11824359 0.55347035 1.9 -77.743012 -2.8619619 -219.16261 44.987158
73 5 -0.13900499 0.62092347 1.9 9.4614777 -76.95549 -108.61917 15.891476
73 14 -0.17657109 0.72348589 1.9 3.7851944 -30.243539 -41.677005 24.756376
73 2 0.039338065 0.62509461 1.9 1.8804856 34.520085 -20.909225 26.746135
73 5 -0.065744404 0.71542562 1.9 4.4067355 4.7128493 -7.928525 16.025202
73 3 -0.17902795 0.57607738 1.9 -3.982943 9.6296732 -7.3146085 11.41542
73 2 -0.024889028 0.56055298 1.9 39.554011 52.094068 -100.01283 39.577561
74 14 0.44724148 0.024421654 1.9 -22.251355 312.45861 -228.72703 5.1486232
74 6 -0.10866337 0.041595916 1.9 29.227324 -30.573077 -62.071849 42.75098
74 13 0.013573864 0.049148645 1.9 -3.3578376 1.5075054 -4.0112612 2.1852216
75 14 0.15048485 0.18357754 1.9 -446.20634 182.27355 -709.01451 45.832483
75 6 0.22270477 0.004005261 1.9 -16.960286 -17.018538 -60.456042 13.45195
75 5 -0.020219905 -0.074029076 1.9 0.14826655 -0.090107496 -0.29553902 24.283161
75 14 0.28687885 -0.028754695 1.9 0.19716299 -0.010418205 -0.28666948 24.937447
75 14 0.28578362 0.0044499238 1.9 -0.98212999 -0.12271213 -0.68309787 36.087435
75 1 0.035167486 0.02685396 1.9 0.60311747 -0.34131679 -0.67836977 25.208558
76 14 0.39603805 -0.16083359 1.9 -202.1342 71.591961 -296.37014 22.408006
76 14 0.77701395 0.21458213 1.9 -2.064176 -19.516413 -48.757616 47.209497
76 5 0.83479218 -0.050356556 1.9 0.048352746 0.11071311 -0.072759909 17.641394
76 14 0.55420272 0.15697533 1.9 0.10943594 -0.18322042 -0.5091533 17.838741
76 5 0.44201865 -0.11218057 1.9 -4.5473745 7.4813909 -6.1520646 26.255266
76 13 0.53984604 0.14226506 1.9 -0.93924333 -0.32431633 -1.3873089 35.172379
76 13 0.55491402 0.2844793 1.9 -0.095862688 -0.24077374 -0.4550394 2.7153984
77 14 0.23860445 0.28913309 1.9 -236.00083 663.20167 -453.29792 36.456338
77 1 0.28060244 0.30826069 1.9 -30.136667 13.211651 -51.192586 13.83772
77 5 0.32213516 0.23074808 1.9 -100.65384 116.6311 -138.33935 32.194451
78 14 -0.49184969 -0.14593172 1.9 392.24251 -280.94895 -395.53367 18.920193
78 2 -0.19202712 -0.36590728 1.9 -15.661394 -16.371559 -28.898269 30.239074
78 3 -0.17837011 -0.3746163 1.9 0.037569818 0.1657035 -0.098098674 46.235964
78 13 -0.19248508 -0.45011417 1.9 0.04334121 0.2514406 -0.19501595 4.014242
78 14 -0.27330793 -0.20533256 1.9 -8.229436 13.638772 -13.358754 19.192714
78 5 -0.24836952 -0.20075198 1.9 -45.490141 -16.928713 -31.147267 26.595594
79 14 -0.1876704 -0.30022475 1.9 -143.16334 370.26931 -473.57698 29.666075
79 1 -0.31400016 -0.23151785 1.9 0.12174 1.4485658 -1.0218336 27.891646
79 13 -0.1200824 -0.35120962 1.9 -31.393237 16.281207 -34.354033 46.099996
79 5 -0.17092862 -0.21287759 1.9 -0.78025069 -14.417734 -32.491577 0.4803822
79 3 -0.37579726 -0.19307717 1.9 28.765843 59.718338 -69.450671 49.525912
79 6 -0.107812 -0.24518266 1.9 -0.0078523654 0.30839481 -0.41698455 43.101604
79 13 -0.26398665 -0.46268152 1.9 -13.49664 11.037363 -17.4147 33.168011
79 5 -0.14034058 -0.36431153 1.9 37.815487 -141.98065 -86.778186 43.45869
80 14 -0.68971213 -0.13240523 1.9 12.819863 -117.7025 -421.67859 49.743076
80 3 -0.51743231 -0.56402467 1.9 -54.441968 46.943466 -140.19226 1.2254252
80 2 -0.45947379 -0.041591378 1.9 0.32425522 0.12498148 -0.50487146 6.0463232
81 14 -0.19255552 -0.031382798 1.9 -567.90723 238.1167 -358.3666 30.940423
81 5 0.0086639789 0.40101828 1.9 2.4492685 -10.254927 -6.6273945 23.21364
81 6 0.15500921 0.56820159 1.9 0.92839066 -0.16098945 -1.5169529 34.470587
82 14 0.26924238 0.35111682 1.9 -230.32763 342.98805 -314.75348 44.146117
82 5 0.26722503 0.38086991 1.9 4.8921867 -45.073861 -88.763038 44.050176
83 14 -0.486391 -0.21128862 1.9 -233.55385 -455.67695 -565.04824 1.9937585
83 6 -0.20892365 -0.051904462 1.9 -0.10092535 3.4912283 -5.4010202 3.4804647
83 1 -0.1342029 -0.27611928 1.9 -3.718608 8.7713648 -6.1621326 46.042472
83 1 -0.012445227 -0.091106532 1.9 -0.6462149 -0.30197572 -0.61997971 37.055481
84 14 -0.30009309 0.22010129 1.9 -513.73079 316.79922 -373.64213 21.584756
84 6 -0.36416814 0.071474439 1.9 -0.041295348 0.016538957 -0.29630677 30.593987
84 14 -0.22359966 0.13097675 1.9 0.7703402 -1.7487881 -5.785095 15.351219
84 1 -0.41761681 0.1389612 1.9 4.5970453 -9.2404926 -13.470148 14.33509
84 3 -0.20003017 -0.049781311 1.9 -16.678446 23.252868 -28.061001 19.013742
84 6 -0.29994934 0.50450826 1.9 2.2609435 2.2505704 -6.0235904 8.0478077
84 6 -0.4838881 0.084043035 1.9 6.8731198 8.068642 -11.161267 17.537446
84 3 0.015850543 0.30732503 1.9 19.521499 133.48712 -104.69193 3.6232495
85 14 -0.059782208 -0.080639031 1.9 63.23052 -76.817765 -349.35809 29.15854
85 5 -0.10981187 -0.13486926 1.9 0.28580641 -1.0905413 -0.86169397 25.919075
85 14 -0.24961023 -0.1673369 1.9 1.9975733 -3.0994413 -3.0662649 19.695213
85 14 -0.093190528 -0.010024197 1.9 3.2250486 8.7542215 -6.8786287 28.602238
85 6 0.19906456 -0.38699061 1.9 -2.1341576 -3.0985881 -5.8177284 27.038464
85 13 0.045974815 -0.35395348 1.9 16.22692 -26.7015 -87.905473 12.725956
86 14 0.2442208 -0.1414178 1.9 -393.14239 79.949142 -1214.4017 43.519779
86 5 0.1019338 0.05850666 1.9 -41.942841 25.795464 -31.314613 47.875328
86 5 0.37066128 -0.12774408 1.9 0.24429221 -0.20817139 -0.34636762 45.178956
86 5 -0.14409651 0.13870146 1.9 -23.590246 22.324509 -32.395509 34.321162
86 1 0.078318769 0.15372313 1.9 15.815217 -7.133918 -42.981314 49.421605
87 14 -0.22372722 -0.27328656 1.9 86.08302 254.34997 -240.3698 3.0217064
87 6 -0.24694667 -0.37350827 1.9 0.19674774 -0.14412579 -0.27116311 29.504745
87 6 -0.08514454 -0.096046197 1.9 -0.7389447 0.47830003 -1.4154079 4.2722864
87 13 -0.47694624 -0.35746179 1.9 0.1131529 -0.031070127 -0.21414347 12.789168
87 14 -0.37781601 -0.1266968 1.9 -86.422863 27.695924 -174.76981 4.3045863
87 2 -0.11179338 -0.30347576 1.9 -0.95306049 3.9285126 -2.8403948 9.6014792
87 14 -0.1642475 -0.20653801 1.9 -0.37358086 0.41769135 -0.56904101 22.133312
87 13 -0.37867221 -0.14312536 1.9 19.181121 31.686011 -39.860008 3.7019637
88 14 0.10684843 -0.39373261 1.9 477.99279 609.48189 -492.7048 9.7523632
88 1 0.13122189 -0.52408466 1.9 -4.2461467 1.7099956 -3.2649704 29.518882
88 13 0.05215628 -0.43271425 1.9 0.31455016 -16.390757 -14.836714 14.271486
88 1 -0.032195884 -0.69264715 1.9 -115.09715 16.83328 -73.162543 32.665013
88 2 0.22111816 -0.67030853 1.9 -0.49926247 0.39739765 -0.89640483 25.926028
89 14 0.017758692 -0.33736039 1.9 -269.3527 10.438859 -441.56953 44.553144
89 2 -0.049431906 -0.35185959 1.9 0.6237133 0.18686762 -2.9569875 23.835614
89 14 -0.27436333 -0.35399056 1.9 10.227704 -44.564481 -284.41251 13.2514
89 14 -0.35582334 -0.46457067 1.9 -1.2674485 0.55197329 -0.97715259 43.038874
89 13 -0.29598421 -0.50766596 1.9 -0.27818064 11.828128 -13.786954 12.136087
89 13 -0.13809557 -0.43608858 1.9 0.91405458 0.32488111 -0.7644468 19.652183
90 14 0.42516325 0.24390378 1.9 446.01836 -348.8849 -678.18299 29.168557
90 14 0.46085661 0.17036439 1.9 0.18674974 0.3868848 -0.33514384 33.463695
90 6 0.50037349 0.36386835 1.9 11.277927 -11.234404 -32.58302 36.082253
90 1 0.32102371 0.61616109 1.9 -35.534756 -53.421664 -125.64149 30.104341
90 14 0.23258834 0.25466117 1.9 109.95588 -26.788006 -343.33333 21.005102
91 14 0.23875939 0.67554504 1.9 167.26253 286.19964 -322.68299 8.8491178
91 14 -0.0053512688 0.56885672 1.9 -0.76023588 -0.25137993 -1.2192889 20.347655
91 13 0.11077993 0.6824866 1.9 -0.20042231 -0.12078858 -0.17078282 47.788996
92 14 -0.21892904 0.46373907 1.9 -410.39745 195.48797 -348.83159 23.564684
92 14 -0.47022765 0.22493238 1.9 89.641451 -107.08403 -81.841293 27.604646
93 14 0.11396406 -0.31071253 1.9 174.42423 -139.59001 -280.44602 41.564878
93 6 0.52776592 -0.24204632 1.9 -0.083453843 0.54181662 -0.98596912 20.391129
93 14 0.1997134 -0.42942309 1.9 -5.7407561 -27.39155 -49.990004 30.29248
93 3 0.34186202 -0.51785508 1.9 -2.628871 -0.042412431 -1.7950198 10.685344
94 14 0.31272733 -0.14022046 1.9 -441.73442 22.893951 -353.58291 8.9683377
94 3 0.60754737 -0.23504973 1.9 11.733636 5.595086 -20.725579 46.082752
94 13 0.67187558 -0.13228287 1.9 -0.88652302 0.4097044 -0.85673602 46.958897
94 13 0.57301437 0.061902671 1.9 0.041881003 6.8275252 -9.882735 17.455538
94 13 0.58438429 -0.45073912 1.9 0.032398084 1.7481075 -2.6107108 47.510408
95 14 0.1717184 0.1487825 1.9 -298.7962 149.07822 -382.34645 7.199496
95 14 -0.073024583 0.40954358 1.9 62.007964 45.014645 -170.32376 28.242533
96 14 0.61750706 -0.48834967 1.9 145.34584 -264.88725 -243.61597 16.769545
96 2 0.38987727 -0.45250974 1.9 0.24664185 0.1938376 -0.26284127 7.0881296
96 14 0.49403161 -0.49151751 1.9 5.9093534 -2.8717887 -4.8406539 24.653841
97 14 0.0039484748 0.35725493 1.9 -209.01867 257.07802 -253.84725 36.304354
97 6 -0.17173541 0.55415617 1.9 0.24240543 -0.17424807 -1.8316113 2.6959387
97 3 -0.0054304558 0.51819717 1.9 5.624767 -2.4306585 -9.3700029 39.063618
97 3 -0.15204368 0.40174092 1.9 0.68371559 3.4629225 -2.1255135 7.3598967
97 2 -0.05015345 0.64111697 1.9 -0.20587173 0.027553623 -0.25400702 27.793133
97 2 -0.16283484 0.61170421 1.9 -11.613273 0.56996026 -9.9231372 35.543285
98 14 0.6534852 0.13104703 1.9 -457.81713 578.57052 -467.1162 49.276839
98 5 0.5929505 0.34885781 1.9 -41.16835 0.62839132 -141.08228 36.869781
98 5 0.7036067 0.36945661 1.9 0.0057834347 1.0802518 -1.0984722 19.012317
98 5 0.821448 0.32155614 1.9 -0.50729488 -0.026983412 -0.37556215 29.484262
98 14 0.52623132 0.51827363 1.9 0.060521571 -0.13523318 -0.38938723 46.088961
98 14 0.44774205 0.20182542 1.9 -0.2672815 0.14644587 -0.4615431 42.382894
99 14 -0.046637885 0.45836583 1.9 -9.2939312 400.36967 -236.53424 41.24855
99 14 0.079144094 0.2519562 1.9 -13.274163 9.6780276 -13.106797 11.235758
